# yi xi
8 331
8 336
8 337
8 344
9 337
10 318
10 319
10 320
10 323
10 343
10 344
11 337
11 338
12 314
12 318
12 343
13 342
14 337
14 338
14 342
14 344
15 303
15 316
15 317
15 337
15 345
16 303
16 316
16 323
16 324
16 330
16 338
16 344
16 345
16 346
17 315
17 343
18 339
18 342
18 343
18 344
18 346
19 341
19 343
20 313
20 314
20 334
20 342
21 313
21 314
21 315
22 314
22 341
22 342
23 316
23 324
23 328
25 337
26 311
26 318
27 311
27 318
27 319
27 336
28 303
29 311
29 312
30 305
30 311
30 313
30 314
31 303
31 312
31 313
31 315
31 332
32 303
32 304
32 305
32 309
32 311
32 344
33 303
33 304
33 305
33 306
33 308
33 311
34 303
34 304
34 305
34 308
35 303
35 304
35 308
35 310
35 311
35 312
36 304
36 311
36 312
36 334
36 335
37 308
37 311
37 345
38 319
38 328
38 329
38 330
39 311
40 307
40 330
40 344
41 306
41 307
41 314
45 334
46 318
48 317
52 314
52 342
53 305
53 306
54 310
54 328
55 306
55 328
55 339
56 328
57 307
58 307
58 328
60 337
61 341
61 342
61 343
62 337
64 326
64 339
64 340
66 313
67 308
67 324
68 338
68 340
68 341
68 342
69 326
69 341
70 329
70 338
71 310
71 322
71 328
71 339
71 342
72 309
72 310
72 311
72 316
72 323
72 333
72 343
72 344
74 321
74 336
75 330
75 331
75 332
75 342
76 322
77 308
77 311
77 322
77 344
80 325
80 342
80 343
81 307
82 326
83 306
83 327
84 313
84 314
84 332
85 314
85 322
85 325
86 314
86 315
86 334
87 314
87 327
87 331
88 312
88 313
88 314
89 310
89 312
89 314
89 320
89 338
90 305
90 312
90 313
90 314
91 307
92 314
92 338
94 321
94 339
94 340
95 313
95 318
95 341
96 313
96 324
97 313
97 323
98 312
98 313
98 314
99 321
99 340
100 322
101 313
102 341
104 327
104 330
104 334
105 308
105 312
107 317
107 322
108 321
108 322
108 323
109 339
110 311
110 319
111 318
111 319
111 332
113 330
114 320
114 329
114 330
114 331
115 327
115 328
115 330
116 317
117 306
117 323
118 306
118 317
118 318
118 323
119 303
119 324
120 303
120 304
120 306
120 329
121 319
122 311
123 312
123 323
124 321
125 339
126 345
126 346
127 314
128 323
128 332
129 309
130 310
132 342
132 343
133 304
134 303
134 304
134 305
134 333
134 334
134 337
136 320
136 324
136 329
137 316
137 328
137 329
137 330
139 317
139 342
140 316
140 317
140 318
140 330
140 333
140 339
141 313
141 316
142 303
142 321
142 322
142 323
142 335
143 308
143 334
144 327
145 346
147 319
148 313
148 315
149 304
149 312
149 313
149 314
149 334
150 319
150 320
150 334
151 304
151 313
152 304
152 331
153 304
153 333
154 304
154 332
154 333
154 334
156 307
156 335
157 316
157 324
157 331
159 345
160 310
160 319
160 346
161 320
163 324
164 323
164 325
166 303
166 341
167 303
167 304
168 343
170 325
170 339
171 304
171 305
171 306
171 323
171 340
171 341
172 304
172 306
173 303
173 304
173 305
173 306
175 303
177 340
177 346
178 307
178 309
178 331
178 341
179 308
179 309
179 317
179 340
179 342
180 340
180 341
181 323
181 327
181 339
181 340
181 341
181 343
182 322
182 323
182 324
182 325
182 343
183 317
183 343
183 344
184 326
185 304
185 305
185 332
185 335
185 343
186 303
186 304
186 305
186 315
186 326
186 335
187 303
187 319
187 344
188 327
188 328
188 335
188 337
188 338
189 337
189 338
189 339
189 342
190 318
190 338
191 317
191 344
192 309
192 318
192 327
193 307
194 316
196 332
197 321
197 324
197 325
197 326
198 324
198 326
198 334
198 339
198 344
199 325
200 317
201 325
202 330
203 336
203 344
204 317
206 303
206 346
207 303
207 304
207 309
207 330
208 303
208 332
209 331
209 336
210 314
210 315
210 325
213 303
213 313
214 305
214 307
214 313
214 317
214 318
214 319
214 332
215 304
215 305
215 306
215 307
215 316
215 317
215 319
215 320
215 325
215 331
216 307
216 317
216 318
217 311
217 317
217 327
217 333
218 304
218 325
218 341
218 342
218 344
219 318
219 322
220 304
220 310
221 312
222 315
222 326
223 304
223 308
223 321
224 312
225 336
227 331
227 342
228 344
229 326
229 333
229 339
230 319
230 331
231 303
231 331
232 303
232 304
233 303
234 319
235 325
235 343
236 305
236 325
236 326
236 327
237 305
237 307
237 339
237 340
237 341
238 306
238 308
238 318
239 316
239 318
239 322
239 323
240 309
240 317
240 327
241 309
241 316
241 318
241 319
241 325
241 328
242 318
242 319
242 330
242 338
242 341
242 342
242 343
243 318
243 319
243 338
244 318
244 339
244 340
245 332
245 338
245 340
246 308
246 332
246 339
246 340
246 342
247 304
247 323
248 336
248 337
248 342
248 343
248 344
249 342
249 344
250 328
250 329
250 338
250 343
250 344
251 335
251 336
251 339
251 343
251 344
252 318
252 319
252 320
252 328
252 343
253 319
253 321
253 322
253 343
254 303
254 306
254 320
254 326
255 328
257 328
257 329
257 333
261 313
261 328
261 333
262 331
263 322
263 323
264 315
264 319
264 325
264 338
266 318
266 324
266 338
267 319
267 325
267 332
268 304
268 305
268 318
268 320
269 319
269 324
270 320
272 308
272 324
272 342
273 333
274 312
274 324
275 324
275 333
275 346
279 306
279 313
279 326
279 346
280 340
280 341
280 342
281 316
282 321
283 322
283 326
283 327
284 330
285 303
285 304
285 305
285 341
286 303
286 304
286 305
286 339
286 344
286 345
286 346
287 304
287 318
287 344
287 345
287 346
288 304
288 323
288 344
288 345
288 346
290 332
290 343
292 306
292 327
292 339
293 322
294 321
294 323
294 332
295 331
295 333
296 320
296 332
298 342
299 304
299 324
300 304
300 308
300 309
300 342
300 345
301 340
301 341
301 342
302 310
302 323
302 333
302 339
302 340
302 342
303 329
303 330
303 340
303 341
303 342
304 310
304 341
305 333
307 328
308 319
308 332
310 338
310 340
311 336
311 339
311 341
312 318
312 323
313 323
313 344
314 308
314 313
314 323
314 331
315 314
315 318
315 323
315 325
316 322
316 324
318 327
319 326
319 328
320 315
320 336
321 331
